56172
72627
34831
91536
613
59434
87208
51537
95907
97517
16958
66158
31693
52867
70135
78851
25531
7411
57442
32986
33806
58376
23824
3098
17201
92861
96608
1976
65368
77939
47780
33606
6607
34254
1389
41483
84154
90733
28293
65150
92026
57064
84811
783
56033
28696
88946
72958
108
70242
26216
45297
33789
22372
93420
87209
47810
71747
97863
88548
76777
33637
70297
67144
16692
60554
49788
6666
64686
76826
66476
82688
85145
14486
53304
239
30612
49389
32826
9701
41380
69237
56210
62508
69636
75499
57613
46181
31960
77748
99441
75160
58258
97629
39745
17797
40927
44956
14289
83544
63336
57619
35562
39980
15364
79181
9791
49202
15287
54247
83791
73931
61926
12514
83944
12896
11584
76574
80277
44241
25750
20827
6618
88779
34754
33943
49436
83814
84362
92429
38091
79805
45097
31685
27794
49962
19768
13516
32913
45429
70834
54669
20298
88168
46365
72601
33809
34644
98494
95446
77078
59775
13049
18013
5502
34988
50374
76098
55318
51394
43049
85267
42362
35971
7470
76441
13404
20386
95638
46012
17078
21993
41882
39545
45330
14040
2395
73482
55879
58536
70592
84109
48090
76731
44323
98965
67069
91400
1955
92317
41908
87537
20467
79049
95486
88980
89820
35395
98835
36722
19708
7341
21889
81879
2585
67807
45525
67477
22617
67887
80689
30618
63576
53745
91353
30008
81138
79447
9648
83141
5523
54552
37253
8565
61917
20848
19448
15664
41733
30006
45856
29510
88566
25228
44453
34083
27977
36318
16696
57248
61234
84157
62439
77206
49686
22450
98276
34045
6249
98183
40734
31073
54638
35353
37590
22439
30753
70240
41131
86695
42181
45219
63901
46658
18723
57198
73490
36848
8880
391
56265
10187
70697
22122
73888
86345
83294
97922
16182
54968
88358
34529
96020
97226
74482
67867
50977
19032
55477
24517
86142
39596
5351
72412
39768
73505
50946
65696
4807
76264
7593
33966
41255
99731
11956
88121
61371
54291
88215
4345
77618
65159
2913
31767
74142
76644
30869
14846
18590
14317
12205
98940
33441
36105
16889
48564
25326
95938
38302
3564
43804
12422
32559
49545
82560
33187
76486
82795
47817
70656
64307
47413
64992
35059
73675
69247
82196
53590
550
16683
30069
45718
19561
77470
94315
33360
23734
65753
69555
91555
64784
20105
99281
46091
59320
41395
77860
13676
43198
98204
35495
5265
1122
61120
72038
63505
55423
26270
93718
56762
45192
32369
34619
53106
98187
27774
30682
38052
59944
88368
18837
16306
80946
31725
15106
10076
84209
77885
40012
35745
93996
28429
85875
46433
32614
30367
76855
6902
46203
30499
74643
31197
1661
46905
21102
42351
33500
53081
99165
71109
12427
88434
7269
53794
34273
28069
53149
81074
756
80330
29423
99153
36408
30028
17974
68756
10682
90828
64023
59196
97296
63619
70211
5686
84720
96080
2336
2550
83851
1669
50909
54174
20885
75388
81555
4157
51978
94397
74960
90170
55394
26337
89847
42615
9637
94124
19275
33978
81533
93357
65745
94787
58128
36555
71121
68118
87280
45568
57427
33307
16833
8283
43083
13756
34409
90668
57347
50389
92103
66758
59426
31752
90132
49431
78663
67335
62200
24432
11543
76513
18423
14274
29856
1867
81863
60611
1448
85311
48467
11553
14013
20744
87860
15361
43694
70202
7014
64109
38889
58770
3902
26509
32472
29113
61676
1148
28000
59246
56039
76127
98487
65840
50399
24018
26740
61666
66511
54194
46162
58262
55097
27489
21409
46507
41380
47760
79184
87878
52915
72982
89347
37334
18571
51159
59493
37372
93544
4983
9709
87044
65398
16471
9345
56797
61891
11890
11639
4876
44389
73375
97587
82757
52737
42070
99867
99174
66200
91019
82775
51357
15528
12553
60914
74662
14347
74492
45379
37965
87183
96182
35402
5438
93752
8412
75268
68338
36266
15999
74179
51513
56974
70010
71578
1051
33039
55546
25345
8536
22834
10694
15761
94662
66285
858
237
99660
91004
83846
6450
21861
16194
5165
14956
30496
15467
41784
59267
30383
13800
68374
65075
27415
81457
60691
49507
20925
17917
65956
3119
23431
27746
16091
99903
17315
5793
49219
13006
87261
53880
21281
87838
20577
1840
19877
9615
66637
5759
58712
53388
43404
73546
24582
88644
65660
94132
23820
20378
81940
58201
41459
34936
16871
31967
5452
28685
3577
29585
91452
99131
68720
13431
19340
26547
92993
7845
73388
5644
30465
7361
8058
2615
31137
83603
22144
17026
57594
90972
40396
12873
51233
19892
35241
42955
54939
531
45442
38765
38730
76210
571
25052
79983
56240
88235
91412
24320
67880
92748
29671
18225
669
96721
15264
13671
28284
73005
93781
88624
95924
13104
82203
14911
98262
52782
17569
61424
40014
61714
41657
82924
64835
65720
872
49329
71180
39590
18827
2944
60669
94644
40075
87204
307
17693
86072
47936
94729
14764
91995
64955
23131
75016
61759
89745
62882
30135
81488
17569
21149
55663
9707
49567
18450
1644
86577
86531
56697
39631
25849
47555
67970
75171
87007
24504
32128
81776
4347
8435
32036
98736
9977
98140
34179
48133
11761
87180
55571
57240
61073
45602
42158
84590
50510
28509
27058
50211
26601
61907
3937
95512
95358
13472
79823
37342
60201
83982
28982
52309
84874
99762
62747
74307
55233
77616
2204
75953
41052
56349
90603
30689
26120
69375
38213
23521
37830
59282
2208
52840
17058
38689
12768
47514
41928
90019
84248
38633
26515
80664
77370
75552
82739
41732
51238
35763
50556
70463
97888
88742
38096
69494
19971
73059
62910
24832
89633
19726
56079
60043
44163
28697
54189
27789
64926
74861
58395
10918
15325
82611
8548
42895
27158
14061
40542
83696
66126
72982
63901
24304
27189
15616
62843
22160
9296
74940
3137
25973
47601
34218
78830
20066
71303
21331
12760
57175
38623
50273
1780
15170
49882
24831
74033
98994
36654
969
614
25603
58450
91918
93441
85870
84347
99748
86492
73229
3337
12983
92838
98713
98654
50799
33374
48356
90066
42029
9561
15253
47750
93738
58939
26828
60932
60301
12542
6488
45990
28449
67863
33006
30276
42464
41329
72446
22463
67750
99146
67343
22925
8010
97412
70949
61042
85402
70878
4207
5
54657
82587
49552
68644
69797
83660
19387
22144
63350
65700
96641
51916
9348
56404
70316
74127
33130
36203
37237
88100
64389
77493
18154
41634
48447
82087
61308
75894
70028
20987
63075
37049
77391
26750
37806
37263
11124
21559
81782
61268
26784
46966
67720
87045
31320
28011
9514
19562
18593
64206
64054
60327
33129
83142
81850
34416
98687
91322
44142
11107
23984
89057
87320
82232
34036
29033
70335
41512
85711
98376
25850
7958
1505
89049
57638
63431
22695
53627
13458
32572
66598
18529
89842
79452
79518
51022
81031
86556
74244
82509
87708
23423
96975
59672
17018
23836
19204
44027
33311
18877
50163
7553
67537
54688
989
25808
83534
75959
11208
4776
35904
51299
96339
57563
19363
27143
58034
10123
58667
33776
8363
95719
77824
49518
27767
46744
23727
9293
49644
52025
40970
88604
7502
71219
43483
43839
24589
39706
36429
51553
88329
32431
95935
9493
11345
78086
65735
84596
70790
43914
80996
38241
71003
61269
18658
68503
4200
42386
25873
47040
37974
48259
96583
19536
89875
47814
75402
39312
98243
46846
77343
55856
59370
17470
96814
68766
72959
21501
35309
37213
66359
92036
63488
50847
98994
66971
3066
43323
89369
74499
55450
47712
12575
63263
10630
3361
48229
80378
81376
50215
95694
99328
45519
30008
57578
84101
41826
59791
95796
58217
96862
70126
51850
76957
64934
73710
66442
59723
31469
80338
95932
87727
35599
62937
13460
55391
14659
88229
94614
64692
936
99867
11121
68650
13049
92500
46276
61177
96271
26158
64801
68217
33534
84439
10972
39774
6525
15320
67523
88255
27462
6436
29512
93816
13287
59203
94941
60854
7698
55295
61363
18364
11673
67888
55134
48882
94730
89869
14430
910
84422
72807
36392
71945
17336
31871
86479
95814
77165
98245
28997
70301
46610
87149
21457
96867
34282
26519
63916
18963
18905
38465
26999
23474
31371
94307
10527
65484
90853
54902
43036
57098
36956
34074
6329
48992
32365
75642
59881
27275
19011
69895
96474
53933
81350
30887
13301
26951
86230
65089
2053
545
7876
21373
60789
19639
5464
51630
24075
41730
5259
61618
8742
68636
59526
65518
44047
93692
87576
53284
20094
46844
65407
23248
35794
15312
97790
23789
7835
29636
69769
43786
48372
77763
83695
89891
66437
66353
82112
32481
88340
1769
15454
14745
64932
43591
89296
509
65672
45318
42202
36480
51879
39481
63018
54081
98345
22934
59423
12802
45949
30036
32325
72132
58555
39484
57206
78960
86163
16080
50614
17665
59549
76161
89132
3711
65993
62144
31611
9820
38443
77510
41290
51641
30128
37708
5786
58489
69251
96754
82013
91546
33656
43906
53386
61445
70731
11749
47961
13444
90871
60972
16358
55428
45347
94173
16178
81357
25259
94177
9071
2322
44521
87056
4368
37431
18116
69923
38967
23396
77953
55205
26070
26380
95207
69028
85088
73358
46415
37609
6719
85975
81951
78776
25015
2520
34930
52791
49274
85102
61130
95272
38645
44133
98434
34172
7801
26990
25808
1988
287
55561
47225
22142
17794
91325
2631
47329
88222
88425
22213
18430
40153
2649
71279
84101
1319
38494
29321
40542
10255
4060
88846
7254
95262
28486
9959
98032
38969
72333
64557
55521
74007
83590
17404
10897
46143
22395
80445
25176
7257
17221
76278
93497
24320
29764
42728
73629
42035
42208
21349
11055
24758
41259
61178
30996
78547
45231
14318
83801
324
66687
70929
63775
48524
64604
29228
77819
18643
53850
98636
48267
29960
14281
46756
51366
64440
79003
50150
60846
27354
69863
90912
41454
39923
27157
26464
94409
11679
65912
92061
70580
5593
43564
99449
18869
58654
10853
87649
60655
53846
96474
60079
99518
64353
7166
9948
60419
40157
2365
26292
24685
68298
58147
61712
26213
20091
25420
3034
54881
6275
38434
58746
36040
83043
86927
39248
18896
36849
59167
62198
81925
86753
15662
93907
71387
9678
55259
69943
16413
98396
87499
76788
32606
91289
67595
46610
99887
83482
21263
66324
89872
92941
87455
87323
8736
77401
97930
89249
7835
1533
52513
69879
98128
22578
59274
26324
49828
66193
22810
15913
44940
65971
86985
23881
18577
77022
59787
76651
10862
83098
77881
72126
22103
60618
25847
32417
58602
13285
17163
11996
32976
7169
67566
53825
97137
33090
32283
42564
73222
52818
64555
39746
50225
1110
34187
38136
93076
90735
66299
96654
41394
41756
50732
37321
30683
38627
11816
82381
25392
75831
84173
1412
5519
89150
62800
60938
9835
26663
3369
24931
51319
76792
52368
75606
81121
91752
51532
37488
96098
79730
9033
7638
37220
64515
55268
83257
94226
44344
78204
42657
54064
18911
71793
4638
70245
49983
58201
93577
88750
90422
24946
746
82818
6850
14680
89095
20707
41863
76875
18321
36716
43845
58739
89355
73741
73633
2468
35329
82295
55911
83981
54204
42059
20498
81213
30926
72079
41008
11931
75964
29547
92242
46312
61140
50791
13057
58303
83074
21667
58772
62872
29917
9758
28916
25655
46180
88116
53116
88245
3659
58882
36703
23726
38745
99220
33322
66835
27637
358
16339
77731
11025
8618
89672
92989
9300
55086
30271
11608
43728
92938
34568
55760
11838
97570
56857
78726
85926
83437
31604
11144
37667
98772
30524
14228
43535
58746
56375
50179
19752
23778
39282
57365
24296
39568
78686
94870
59808
48970
30164
31279
97006
21073
64748
20352
38789
18643
55263
54952
29155
87710
16919
47582
27237
70922
3032
4660
43947
93082
84371
14975
39506
69468
3327
2677
23260
7569
58795
99022
93725
21391
28814
97509
96394
81571
9486
17408
3405
74176
38833
10241
99809
52529
58499
11060
71319
50049
18953
23029
67745
72603
8290
34611
94675
58154
47034
9611
21720
30475
90365
8463
99925
80079
17430
49642
19447
36689
39744
58397
75671
98584
5144
19329
57271
16852
59169
43315
16890
28749
97986
65561
33723
33855
47950
9385
29501
91629
98256
86738
67035
61246
72839
53397
76760
507
63350
1191
19029
52720
81054
1182
38486
66760
92504
38268
56076
25702
14774
30450
76268
28869
36277
78436
68451
46258
53515
20561
31912
17679
31225
21159
78529
54301
57879
89585
50558
69128
21682
73719
18801
81169
52802
76110
59565
25511
69665
1867
21856
69061
73099
14377
92172
95254
56874
61452
60159
92685
12635
71139
49312
51004
67902
72951
75189
3444
14716
46576
37111
11257
93117
33233
84244
25215
73759
44485
85957
83634
30067
38851
85196
31407
55290
5761
91229
65618
74709
20927
30952
5196
28563
66631
13585
78571
97517
51988
67327
12851
70435
50584
15599
55791
11431
10997
47032
20036
79098
82926
34131
27385
967
36758
22839
87392
97567
47981
31008
60643
76020
8801
73897
82818
23771
27846
98539
41428
10057
38464
64914
8707
60844
28384
14830
11464
59199
55580
33417
26040
73901
51204
34280
82407
17948
38754
17082
25655
86785
84217
77363
16080
27856
3263
26192
80405
86512
84266
27483
42595
3384
17874
97823
90742
2665
77856
82044
60395
46451
77807
73983
74716
44532
65338
46857
3026
28361
25504
92059
27422
38898
56723
79566
59144
55612
95069
17188
71610
40631
23586
53831
43220
29370
41631
28526
82727
52720
14092
70048
6850
68410
91158
96052
26541
93042
58100
35475
14673
81563
33135
34932
73244
41918
31931
82283
97148
32236
11711
63825
61607
71688
88645
51114
56591
55776
35355
19254
78951
26972
84933
77292
79496
2935
82805
97881
11974
6959
58232
18335
70408
38298
91558
84204
35580
12778
36825
11082
65501
64724
25166
21119
85692
83669
36422
14343
64310
22462
85847
1329
23489
83177
58392
61204
63251
88039
94258
37462
90076
47202
18548
47365
33071
22406
18079
21906
31469
19656
50835
17342
93424
52498
13924
29827
58827
52672
8207
24948
38917
66986
76662
56853
63204
88227
47178
84273
70281
47999
672
81658
45007
86513
60875
5016
56659
56097
28269
64688
70139
44833
64932
68888
29970
67519
23919
35973
65827
3115
55712
17145
43663
5655
77373
521
76474
43034
15232
19789
78394
10876
40052
47027
24070
87742
19763
44136
75487
23989
32092
17681
69292
51114
27517
15319
63347
57970
3668
52025
86720
4170
25406
88493
40835
27575
57476
98255
27393
47048
70550
66853
52809
25899
63185
45628
12279
47843
20731
17177
28063
35483
96004
55878
96668
32817
9894
63689
32346
1662
17208
51084
90326
6866
25304
15757
18842
63751
93581
2596
57516
24623
71549
23115
76752
93085
90911
94475
11184
31118
53733
73105
16878
9344
90767
96473
67270
77087
61488
35713
53053
58597
73779
13121
91880
26790
59272
9500
43911
80561
14718
80071
83242
69206
53198
67666
91957
73518
51079
69089
58920
33432
25052
51994
73857
64310
19137
6668
49224
32363
90489
26246
65830
59508
70108
85091
60128
56196
81762
88788
775
87269
97182
31138
88062
70164
79660
47350
40460
38610
7070
66753
24384
93969
82711
43511
92601
34243
30506
36072
52601
3341
85133
35249
9125
20290
13986
36858
47836
41628
80512
86569
5805
34822
44104
19860
3141
50821
9601
48735
64535
27299
14087
17308
7378
77636
51637
55958
68168
49817
37649
61417
722
9555
93413
87257
33535
10934
46137
8977
68288
70845
8472
51229
39846
35691
68102
33965
80858
51006
4718
38820
17218
11567
84915
74247
80813
31398
92809
63338
93784
84971
90681
50970
25897
49612
19824
78278
64634
80919
25937
54475
93573
45634
67438
42956
27944
84432
11929
38401
7765
21995
71249
84022
96803
11582
83891
32125
30941
65839
66867
55878
74690
1358
1060
8433
52911
22351
88566
35596
91359
81577
60894
53571
89378
92246
85604
72176
46975
98709
97133
22097
31796
16812
66689
27583
21276
58580
44988
4711
93326
26995
22120
43538
17428
47542
62456
24005
49055
34741
27812
70470
92870
2307
43923
86135
63517
8566
45090
24750
25919
28893
70304
16177
27434
84282
46753
23550
31118
96264
6470
47702
97420
40440
65792
87762
60559
43171
21116
62610
97899
57200
53781
31469
31198
74387
27414
44573
46030
13173
507
51647
92969
77513
16750
84737
28336
45231
97824
41911
59872
14146
40104
26542
11216
61918
50925
88035
85298
20149
31302
52377
49870
53657
63808
84200
22363
90702
95745
15502
83188
58930
1611
16576
25129
26518
85652
3478
86242
35174
97514
64312
32383
6881
77156
61522
13881
76079
80158
25747
55816
37690
78976
8263
57144
41043
30372
2180
46030
19725
73996
2399
23148
66737
9776
24501
69683
90851
76498
93727
57402
42228
60790
22428
90770
85885
64025
21408
29461
24576
58135
57291
44482
88178
56481
1365
37093
39316
42082
79425
52375
96530
53366
82738
76431
21769
19702
81894
36947
475
58062
64193
2476
14868
7136
11177
75739
77386
57682
23288
52059
36807
90898
16770
66712
24919
63745
73295
47634
1384
88460
79831
97852
20431
31551
89284
27714
43747
63800
75471
20846
46344
96728
76349
53888
20805
81700
99841
39474
47158
85080
56922
36692
86964
76354
55461
39847
15619
6271
49883
72513
96082
85537
40058
58687
49510
66456
70212
9366
59116
23376
80078
80639
14353
19869
55594
22271
10092
59467
79137
88953
68541
4338
7470
68368
62761
69855
67656
54496
1828
75740
56468
39195
52032
86676
8628
86031
35861
37649
43616
86889
6541
10043
6166
5391
29599
15555
74605
70945
79861
72912
23440
87316
30448
463
58029
8156
8500
251
5996
53732
74017
3198
83083
54827
89143
84420
60487
6726
55349
59205
5177
1086
42184
14724
19085
44763
35463
31616
42372
71897
16023
97959
72068
49960
63912
15424
41626
99621
63437
79205
43109
58574
82719
57057
81236
97001
22468
98159
36550
53992
56746
60984
46368
72957
77456
27257
9801
54457
78435
51456
11407
61343
14373
46064
49901
7693
31743
35281
80322
73558
98672
18261
61697
51554
64536
89597
88515
17798
98980
36188
13099
33235
30224
60878
95995
9225
61589
41550
19818
39125
69196
1321
96151
99829
28878
1449
45257
73032
81102
56152
30753
41679
87725
33836
56917
68791
94019
32216
50190
22386
39584
72786
35146
47454
64516
78681
52493
79622
58287
75917
11949
37075
56563
50910
63429
73373
67236
23000
54366
46760
58405
49829
95136
29238
29611
15627
12248
15414
15155
5380
9412
80519
32029
28159
82912
50136
9730
360
35293
19931
47573
72523
79123
13915
60872
2846
7118
64781
94570
58138
48508
4176
32549
50159
47630
33315
85546
860
91497
52568
82135
61785
85108
7849
61137
60525
98280
24083
89292
10597
14963
9224
92223
38583
15256
1963
39541
49802
25146
9928
82200
39925
1614
39048
66058
44451
96600
62892
88915
84296
6058
88148
58392
87821
76223
59493
30644
55387
56974
14497
82409
62846
1038
18310
12893
30861
25670
82262
92941
60938
16119
98258
97217
84392
39370
39373
50946
44736
32412
84911
5515
1161
88318
52610
12165
215
44856
76756
94193
61146
76304
6311
17773
38702
33723
35666
16871
19872
32339
73580
66609
72485
29965
26853
53860
77445
80475
95541
61144
32189
76967
64617
54805
8196
36582
2510
84092
59163
37592
7034
54447
48762
41474
72867
76517
73676
47344
46844
9945
